586	NW_001849856.1	157030	157115	tRNA-Gly-GCC1	597	-	157030	157030	0	2	35,36	0,49
585	NW_001849858.1	4884	4965	tRNA-Gln-TTG1	544	-	4884	4884	0	2	35,37	0,44
585	NW_001849859.1	29692	29780	tRNA-Ile-AAT2	613	-	29692	29692	0	2	36,38	0,50
585	NW_001849859.1	29798	29886	tRNA-Ile-AAT1	592	-	29798	29798	0	2	36,38	0,50
585	NW_001849859.1	116621	116705	tRNA-Val-TAC1	551	+	116621	116621	0	2	37,36	0,48
585	NW_001849860.1	18887	18965	tRNA-Gly-TCC1	462	-	18887	18887	0	2	35,36	0,42
585	NW_001849860.1	82547	82674	tRNA-Ile-TAT1	540	+	82547	82547	0	2	39,36	0,91
586	NW_001849860.1	170438	170526	tRNA-Pro-TGG2	587	-	170438	170438	0	2	36,36	0,52
586	NW_001849860.1	170618	170706	tRNA-Pro-TGG1	587	-	170618	170618	0	2	36,36	0,52
585	NW_001849861.1	107895	107990	tRNA-Pro-AGG1	606	+	107895	107895	0	2	36,36	0,59
587	NW_001849861.1	278155	278252	tRNA-Asn-GTT2	591	-	278155	278155	0	2	36,37	0,60
587	NW_001849861.1	298007	298104	tRNA-Asn-GTT1	591	+	298007	298007	0	2	37,36	0,61
587	NW_001849861.1	388832	388923	tRNA-Glu-CTC1	557	+	388832	388832	0	2	37,35	0,56
588	NW_001849861.1	402562	402643	tRNA-Cys-GCA1	665	+	402562	402562	0	2	36,36	0,45
588	NW_001849861.1	420446	420545	tRNA-His-GTG2	583	-	420446	420446	0	2	35,37	0,62
588	NW_001849861.1	420613	420712	tRNA-His-GTG1	583	-	420613	420613	0	2	35,37	0,62
588	NW_001849861.1	426326	426414	tRNA-Ile-AAT3	575	+	426326	426326	0	2	38,36	0,52
585	NW_001849864.1	38854	38948	tRNA-Arg-TCT1	665	-	38854	38854	0	2	36,36	0,58
587	NW_001849864.1	279129	279218	tRNA-Gln-CTG1	389	+	279129	279129	0	2	37,35	0,54
587	NW_001849864.1	364202	364293	tRNA-Glu-CTC2	557	+	364202	364202	0	2	37,35	0,56
588	NW_001849864.1	453757	453856	tRNA-Leu-TAA1	464	+	453757	453757	0	2	38,33	0,66
587	NW_001849865.1	302649	302734	tRNA-Gly-GCC2	597	-	302649	302649	0	2	35,36	0,49
587	NW_001849865.1	308248	308354	tRNA-Ser-GCT1	721	-	308248	308248	0	2	45,37	0,69
589	NW_001849865.1	614985	615076	tRNA-Thr-CGT1	599	+	614985	614985	0	2	37,36	0,55
589	NW_001849865.1	615150	615241	tRNA-Thr-CGT2	599	+	615150	615150	0	2	37,36	0,55
585	NW_001849866.1	47786	47892	tRNA-Ser-GCT2	712	+	47786	47786	0	2	37,45	0,61
585	NW_001849866.1	59179	59273	tRNA-Arg-ACG3	608	-	59179	59179	0	2	36,37	0,57
585	NW_001849866.1	59348	59442	tRNA-Arg-ACG2	608	-	59348	59348	0	2	36,37	0,57
585	NW_001849866.1	59547	59642	tRNA-Arg-ACG1	608	-	59547	59547	0	2	36,37	0,58
589	NW_001849866.1	543566	543669	tRNA-Thr-AGT2	706	-	543566	543566	0	2	36,36	0,67
589	NW_001849866.1	543739	543842	tRNA-Thr-AGT1	706	-	543739	543739	0	2	36,36	0,67
585	NW_001849867.1	105023	105128	tRNA-Leu-AAG1	638	-	105023	105023	0	2	40,38	0,67
588	NW_001849867.1	492209	492281	tRNA-Ala-AGC1	758	-	492209	492209	0	1	72	0
585	NW_001849868.1	18425	18505	tRNA-Asp-GTC1	536	-	18425	18425	0	2	35,37	0,43
585	NW_001849869.1	11898	11980	tRNA-Arg-CCG1	574	+	11898	11898	0	2	37,36	0,46
585	NW_001849869.1	17884	17991	tRNA-Phe-GAA1	640	+	17884	17884	0	2	37,36	0,71
585	NW_001849869.1	18272	18379	tRNA-Phe-GAA2	640	+	18272	18272	0	2	37,36	0,71
585	NW_001849869.1	27387	27483	tRNA-Val-AAC1	614	-	27387	27387	0	2	36,38	0,58
586	NW_001849869.1	215618	215708	tRNA-Ala-TGC1	592	-	215618	215618	0	2	36,37	0,53
586	NW_001849869.1	222558	222665	tRNA-Trp-CCA2	496	-	222558	222558	0	2	36,36	0,71
586	NW_001849869.1	222879	222986	tRNA-Trp-CCA1	496	-	222879	222879	0	2	36,36	0,71
587	NW_001849869.1	368073	368172	tRNA-Lys-CTT1	774	-	368073	368073	0	2	36,37	0,62
588	NW_001849869.1	464185	464265	tRNA-Ala-AGC3	685	-	464185	464185	0	2	36,36	0,44
588	NW_001849869.1	464273	464353	tRNA-Ala-AGC2	685	-	464273	464273	0	2	36,36	0,44
585	NW_001849871.1	18869	18979	tRNA-Leu-CAA1	565	-	18869	18869	0	2	38,38	0,72
585	NW_001849871.1	67056	67148	tRNA-Val-AAC2	618	-	67056	67056	0	2	36,38	0,54
587	NW_001849871.1	323800	323903	tRNA-Met-CAT2	551	-	323800	323800	0	2	36,38	0,65
587	NW_001849871.1	324085	324188	tRNA-Met-CAT1	551	-	324085	324085	0	2	36,38	0,65
588	NW_001849871.1	403996	404104	tRNA-Ser-CGA2	712	-	403996	403996	0	2	45,37	0,71
588	NW_001849871.1	404177	404285	tRNA-Ser-CGA1	712	-	404177	404177	0	2	45,37	0,71
588	NW_001849871.1	517547	517654	tRNA-Ser-AGA1	641	+	517547	517547	0	2	37,45	0,62
589	NW_001849871.1	621359	621464	tRNA-Leu-AAG2	638	-	621359	621359	0	2	40,38	0,67
589	NW_001849871.1	645104	645199	tRNA-Ser-TGA1	683	+	645104	645104	0	2	37,45	0,50
590	NW_001849871.1	671323	671431	tRNA-Gly-CCC1	436	-	671323	671323	0	2	35,38	0,70
585	NW_001849872.1	77418	77502	tRNA-Leu-TAG1	517	+	77418	77418	0	2	37,36	0,48
586	NW_001849872.1	251530	251630	tRNA-Ala-CGC1	666	+	251530	251530	0	2	36,36	0,64
588	NW_001849872.1	471133	471215	tRNA-Gly-GCC3	598	+	471133	471133	0	2	36,35	0,47
588	NW_001849872.1	471289	471371	tRNA-Gly-GCC4	607	+	471289	471289	0	2	36,35	0,47
588	NW_001849872.1	471439	471521	tRNA-Gly-GCC5	607	+	471439	471439	0	2	36,35	0,47
589	NW_001849872.1	617904	617993	tRNA-Arg-ACG4	610	-	617904	617904	0	2	36,37	0,52
590	NW_001849872.1	763445	763528	tRNA-Val-CAC1	563	+	763445	763445	0	2	37,35	0,48
590	NW_001849872.1	763598	763681	tRNA-Val-CAC2	563	+	763598	763598	0	2	37,35	0,48
591	NW_001849872.1	799833	799917	tRNA-Arg-TCG1	516	-	799833	799833	0	2	36,38	0,46
592	NW_001849872.1	952306	952412	tRNA-Pro-CGG1	529	+	952306	952306	0	2	36,36	0,70
585	NW_001849874.1	7824	7908	tRNA-Thr-TGT1	634	-	7824	7824	0	2	36,37	0,47
585	NW_001849874.1	58881	58972	tRNA-Tyr-GTA2	589	-	58881	58881	0	2	36,37	0,54
585	NW_001849874.1	59165	59256	tRNA-Tyr-GTA1	589	-	59165	59165	0	2	36,37	0,54
586	NW_001849874.1	131990	132088	tRNA-Lys-CTT2	774	+	131990	131990	0	2	37,36	0,62
586	NW_001849874.1	151246	151358	tRNA-Leu-CAG1	658	+	151246	151246	0	2	38,43	0,69
586	NW_001849874.1	151431	151543	tRNA-Leu-CAG2	654	+	151431	151431	0	2	38,43	0,69
587	NW_001849874.1	290216	290316	tRNA-Lys-CTT3	773	+	290216	290216	0	2	37,36	0,64
587	NW_001849874.1	290397	290497	tRNA-Lys-TTT1	795	+	290397	290397	0	2	37,36	0,64
587	NW_001849874.1	290571	290671	tRNA-Lys-CTT4	773	+	290571	290571	0	2	37,36	0,64
587	NW_001849874.1	290744	290844	tRNA-Lys-CTT5	773	+	290744	290744	0	2	37,36	0,64
590	NW_001849874.1	664043	664134	tRNA-Arg-CCT1	595	+	664043	664043	0	2	37,36	0,55
590	NW_001849874.1	664568	664648	tRNA-Asp-GTC2	580	+	664568	664568	0	2	37,35	0,45
590	NW_001849874.1	664714	664794	tRNA-Asp-GTC3	580	+	664714	664714	0	2	37,35	0,45
590	NW_001849874.1	709676	709757	tRNA-Asp-GTC4	565	-	709676	709676	0	2	35,37	0,44
590	NW_001849874.1	710029	710114	tRNA-iMet-CAT1	577	+	710029	710029	0	2	37,36	0,49
591	NW_001849874.1	822209	822299	tRNA-Glu-CTC3	558	+	822209	822209	0	2	37,35	0,55
591	NW_001849874.1	822373	822459	tRNA-Glu-TTC1	545	+	822373	822373	0	2	37,35	0,51
591	NW_001849874.1	822529	822619	tRNA-Glu-CTC4	558	+	822529	822529	0	2	37,35	0,55
595	NW_001849874.1	1348209	1348297	tRNA-Gln-CTG2	390	-	1348209	1348209	0	2	35,37	0,51
